:Product: Daily Particle Data        1995_DPD.txt
:Issued: 0223 UT 22 Jul 1997
#
#  Prepared by the U.S. Dept. of Commerce, NOAA, Space Environment Center.
#  Please send comments and suggestions to sec@sec.noaa.gov
#
#                       1995 Daily Particle Data
#

               GOES-8 Proton Fluence       GOES-7 Electron Fluence       Neutron
             --- Protons/cm2-day-sr ---   -- Electrons/cm2-day-sr --     Monitor
   Date       >1 MeV  >10 MeV  >100 MeV          >2 MeV               % of bkgd
01 Jan 95    4.8e+05  1.6e+04  3.8e+03           1.0e+07                  0.5 %
02 Jan 95    6.8e+05  1.7e+04  3.5e+03           3.7e+06                  0.7 %
03 Jan 95    9.2e+05  1.6e+04  3.4e+03           1.7e+07                  0.2 %
04 Jan 95    7.8e+05  1.5e+04  3.3e+03           1.2e+08                  0.3 %
05 Jan 95    7.7e+05  1.5e+04  3.4e+03           1.4e+08                  0.3 %
06 Jan 95    9.7e+05  1.5e+04  3.5e+03           2.3e+08                 -0.3 %
07 Jan 95    1.1e+06  1.5e+04  3.3e+03           2.6e+08                 -0.3 %
08 Jan 95    1.6e+06  1.6e+04  3.4e+03           3.0e+08                 -0.1 %
09 Jan 95    9.0e+05  1.6e+04  3.4e+03           2.6e+08                    *
10 Jan 95    1.6e+06  1.6e+04  3.6e+03           2.1e+08                    *
11 Jan 95    6.6e+05  1.6e+04  3.7e+03           6.3e+06                  1.0 %
12 Jan 95    6.7e+05  1.6e+04  3.7e+03           9.3e+06                  0.7 %
13 Jan 95    3.4e+05  1.6e+04  3.7e+03           8.5e+06                  0.2 %
14 Jan 95    2.4e+05  1.7e+04  3.9e+03           8.8e+06                  0.4 %
15 Jan 95    1.7e+05  1.6e+04  3.9e+03           8.3e+06                  0.3 %
16 Jan 95    1.0e+06  1.6e+04  3.9e+03           5.0e+06                 -0.2 %
17 Jan 95    1.6e+06  1.6e+04  3.5e+03           1.8e+06                 -0.9 %
18 Jan 95    9.5e+04  1.6e+04  3.7e+03           1.8e+06                  0.5 %
19 Jan 95    1.5e+05  1.7e+04  3.8e+03           4.9e+06                  0.3 %
20 Jan 95    1.9e+05  1.7e+04  3.9e+03           5.8e+06                  0.2 %
21 Jan 95    1.8e+05  1.6e+04  4.0e+03           5.0e+06                  0.3 %
22 Jan 95    1.6e+05  1.7e+04  3.7e+03           2.2e+06                  0.4 %
23 Jan 95    9.0e+04  1.6e+04  3.7e+03           2.0e+06                 -0.1 %
24 Jan 95    9.4e+04  1.7e+04  3.9e+03           2.1e+06                  0.1 %
25 Jan 95    9.7e+04  1.7e+04  4.1e+03           2.0e+06                  0.1 %
26 Jan 95   -1.0e+05 -1.0e+05 -1.0e+05          -1.0e+05                    *
27 Jan 95    1.5e+05  1.7e+04  3.7e+03           1.7e+06                 -0.7 %
28 Jan 95    3.6e+05  1.7e+04  3.8e+03           1.7e+06                 -0.1 %
29 Jan 95    4.4e+05  1.7e+04  3.7e+03           1.5e+06                  0.0 %
30 Jan 95    2.5e+06  1.7e+04  3.6e+03           1.7e+08                 -0.2 %
31 Jan 95    1.5e+06  1.6e+04  3.5e+03           5.2e+08                 -0.2 %
01 Feb 95    9.2e+05  1.5e+04  3.2e+03           9.3e+08                 -0.3 %
02 Feb 95    2.5e+06  1.6e+04  3.4e+03           6.9e+08                 -0.3 %
03 Feb 95    2.3e+06  1.6e+04  3.4e+03           6.8e+08                 -0.2 %
04 Feb 95    1.1e+06  1.6e+04  3.4e+03           8.9e+08                 -0.2 %
05 Feb 95    8.4e+05  1.6e+04  3.6e+03           1.2e+09                  0.1 %
06 Feb 95    1.4e+06  1.6e+04  3.5e+03           2.7e+08                  0.1 %
07 Feb 95    2.0e+05  1.6e+04  3.4e+03           3.7e+07                 -0.5 %
08 Feb 95    3.7e+05  1.5e+04  3.3e+03           1.0e+07                 -0.5 %
09 Feb 95    2.4e+05  1.7e+04  3.6e+03           8.8e+06                  0.2 %
10 Feb 95    3.4e+05  1.5e+04  3.6e+03           1.0e+07                  0.1 %
11 Feb 95    4.1e+05  1.7e+04  3.6e+03           3.8e+06                  0.6 %
12 Feb 95    7.0e+05  1.6e+04  3.6e+03           8.4e+06                  0.2 %
13 Feb 95    3.5e+06  1.6e+04  3.6e+03           3.9e+08                  0.2 %
14 Feb 95    3.6e+06  1.7e+04  3.6e+03           5.1e+08                  0.6 %
15 Feb 95    7.5e+05  1.6e+04  3.9e+03           1.3e+09                  0.7 %
16 Feb 95   -1.0e+05 -1.0e+05 -1.0e+05          -1.0e+05                    *
17 Feb 95    2.4e+06  1.7e+04  4.0e+03           6.1e+08                  1.6 %
18 Feb 95   -1.0e+05 -1.0e+05 -1.0e+05          -1.0e+05                    *
19 Feb 95    1.0e+06  1.7e+04  3.9e+03           1.8e+08                  0.9 %
20 Feb 95    8.6e+05  1.8e+04  4.2e+03           1.2e+08                  0.7 %
21 Feb 95    1.3e+06  1.7e+04  4.0e+03           9.9e+07                  0.2 %
22 Feb 95    1.1e+06  1.7e+04  4.1e+03           4.2e+07                 -0.5 %
23 Feb 95   -1.0e+05 -1.0e+05 -1.0e+05           1.6e+07                    *
24 Feb 95    3.5e+05  1.7e+04  4.0e+03           6.8e+06                 -0.2 %
25 Feb 95    3.4e+05  1.7e+04  3.8e+03           5.5e+06                 -0.4 %
26 Feb 95    3.5e+05  1.8e+04  3.9e+03           3.9e+06                  0.1 %
27 Feb 95    5.8e+05  1.7e+04  3.8e+03           6.1e+06                  0.1 %
28 Feb 95    8.8e+05  1.6e+04  3.5e+03           3.3e+07                 -0.6 %
01 Mar 95    1.4e+06  1.6e+04  3.4e+03           4.9e+08                 -0.3 %
02 Mar 95    2.5e+06  1.6e+04  3.3e+03           1.1e+09                 -0.1 %
03 Mar 95    6.6e+05  1.5e+04  3.3e+03           1.7e+09                 -0.5 %
04 Mar 95    1.5e+06  1.5e+04  3.2e+03           7.3e+08                 -1.3 %
05 Mar 95   -1.0e+05 -1.0e+05 -1.0e+05          -1.0e+05                    *
06 Mar 95    1.3e+05  1.6e+04  3.2e+03           1.8e+07                 -0.7 %
07 Mar 95    3.3e+05  1.5e+04  3.2e+03           2.5e+07                  0.0 %
08 Mar 95    4.1e+05  1.6e+04  3.6e+03           2.2e+07                  0.7 %
09 Mar 95    5.0e+05  1.7e+04  3.6e+03           1.2e+07                  0.7 %
10 Mar 95   -1.0e+05 -1.0e+05 -1.0e+05          -1.0e+05                    *
11 Mar 95    7.6e+05  1.5e+04  3.3e+03           1.6e+08                 -0.6 %
12 Mar 95   -1.0e+05 -1.0e+05 -1.0e+05          -1.0e+05                    *
13 Mar 95    3.8e+06  1.5e+04  3.4e+03           1.6e+09                 -1.0 %
14 Mar 95    1.8e+06  1.5e+04  3.2e+03           4.2e+09                 -0.9 %
15 Mar 95    1.0e+06  1.5e+04  3.6e+03           6.2e+09                 -0.2 %
16 Mar 95    7.1e+05  1.5e+04  3.6e+03           5.0e+09                  0.3 %
17 Mar 95    7.5e+05  1.6e+04  3.9e+03           2.0e+09                  0.5 %
18 Mar 95    7.8e+05  1.7e+04  4.1e+03           2.2e+09                  0.5 %
19 Mar 95    8.2e+05  1.6e+04  3.9e+03           1.8e+09                  0.4 %
20 Mar 95    8.2e+05  1.7e+04  4.0e+03           3.4e+08                  0.3 %
21 Mar 95    5.4e+05  1.7e+04  4.0e+03           7.3e+07                 -0.3 %
22 Mar 95    5.8e+05  1.7e+04  4.0e+03           1.6e+08                 -0.1 %
23 Mar 95    1.2e+06  1.8e+04  3.7e+03           4.9e+07                 -1.1 %
24 Mar 95   -1.0e+05 -1.0e+05 -1.0e+05          -1.0e+05                    *
25 Mar 95    4.0e+05  1.6e+04  4.0e+03           8.7e+06                 -0.3 %
26 Mar 95    3.7e+05  1.8e+04  3.9e+03           3.7e+06                  0.3 %
27 Mar 95    1.3e+05  1.6e+04  4.0e+03           6.0e+06                 -0.2 %
28 Mar 95    2.1e+05  1.6e+04  3.8e+03           1.3e+08                  0.2 %
29 Mar 95    4.5e+05  1.6e+04  3.8e+03           2.9e+08                  0.2 %
30 Mar 95    3.4e+05  1.6e+04  3.6e+03           3.8e+08                  0.2 %
31 Mar 95    2.8e+05  1.7e+04  3.7e+03           3.2e+08                  0.2 %
01 Apr 95    2.4e+05  1.7e+04  3.8e+03           3.0e+08                 -0.3 %
02 Apr 95    8.9e+04  1.6e+04  3.4e+03           5.5e+06                 -0.2 %
03 Apr 95    9.8e+04 -1.0e+05  3.6e+03           6.3e+06                    *
04 Apr 95    6.5e+04  1.7e+04  3.6e+03           9.5e+06                 -0.1 %
05 Apr 95    4.8e+04  1.6e+04  3.6e+03           7.3e+06                 -0.4 %
06 Apr 95    7.5e+04  1.6e+04  3.6e+03           5.8e+06                 -0.9 %
07 Apr 95    5.6e+05  1.6e+04  3.4e+03           4.8e+06                  0.3 %
08 Apr 95    2.3e+06  1.6e+04  3.5e+03           2.0e+09                  0.4 %
09 Apr 95    2.8e+06  1.5e+04  3.5e+03           2.1e+09                    *
10 Apr 95    5.0e+06  1.6e+04  3.2e+03           2.2e+09                  0.0 %
11 Apr 95    1.6e+06  1.5e+04  3.4e+03           2.4e+09                  0.1 %
12 Apr 95   -1.0e+05 -1.0e+05 -1.0e+05          -1.0e+05                    *
13 Apr 95    4.1e+05  1.6e+04  3.5e+03           4.3e+09                  0.2 %
14 Apr 95    6.1e+05  1.6e+04  3.9e+03           5.0e+09                  0.5 %
15 Apr 95   -1.0e+05 -1.0e+05 -1.0e+05          -1.0e+05                    *
16 Apr 95   -1.0e+05 -1.0e+05 -1.0e+05          -1.0e+05                    *
17 Apr 95    9.3e+05  1.7e+04  3.6e+03           2.1e+08                 -0.1 %
18 Apr 95   -1.0e+05 -1.0e+05 -1.0e+05          -1.0e+05                    *
19 Apr 95   -1.0e+05 -1.0e+05 -1.0e+05          -1.0e+05                    *
20 Apr 95    7.5e+05  1.7e+04  3.8e+03           7.5e+07                  0.4 %
21 Apr 95    4.3e+05  1.7e+04  3.7e+03           6.1e+07                  0.7 %
22 Apr 95    1.2e+06  3.8e+04  3.9e+03           1.7e+07                  0.6 %
23 Apr 95   -1.0e+05 -1.0e+05 -1.0e+05          -1.0e+05                    *
24 Apr 95    1.5e+05  1.7e+04  3.6e+03           3.7e+07                  0.0 %
25 Apr 95    2.5e+05  1.6e+04  3.5e+03           2.6e+08                 -0.1 %
26 Apr 95    4.2e+05  1.6e+04  3.5e+03           1.4e+08                  0.1 %
27 Apr 95    2.0e+06  1.7e+04  3.3e+03           1.1e+08                 -0.3 %
28 Apr 95    7.7e+05  1.6e+04  3.4e+03           3.4e+08                 -0.4 %
29 Apr 95    2.2e+05  1.5e+04  3.5e+03           6.0e+08                 -0.2 %
30 Apr 95    2.7e+05  1.7e+04  3.7e+03           6.1e+08                    *
01 May 95    4.9e+05  1.6e+04  3.6e+03           3.7e+08                  0.7 %
02 May 95    1.2e+06  1.6e+04  3.8e+03           5.3e+07                  0.3 %
03 May 95   -1.0e+05 -1.0e+05 -1.0e+05          -1.0e+05                    *
04 May 95    2.3e+06  1.6e+04  3.3e+03           9.2e+08                  0.0 %
05 May 95    1.4e+06  1.5e+04  3.5e+03           1.3e+09                  0.3 %
06 May 95    1.7e+06  1.6e+04  3.4e+03           2.6e+09                 -0.2 %
07 May 95    1.0e+06  1.6e+04  3.5e+03           1.4e+09                  0.0 %
08 May 95    5.8e+05  1.6e+04  3.6e+03           4.4e+08                  0.0 %
09 May 95    3.5e+05  1.7e+04  3.7e+03           1.1e+09                  0.2 %
10 May 95    2.6e+05  1.6e+04  4.0e+03           1.2e+09                  0.5 %
11 May 95    4.7e+05  1.6e+04  3.9e+03           1.2e+09                  1.0 %
12 May 95    2.5e+05  1.7e+04  4.3e+03           9.1e+08                  1.4 %
13 May 95    7.6e+05  1.8e+04  4.1e+03           1.7e+08                  0.1 %
14 May 95    2.5e+05  1.7e+04  4.0e+03           2.2e+07                 -0.4 %
15 May 95    2.5e+05  1.8e+04  3.8e+03           4.9e+07                 -0.3 %
16 May 95    2.5e+05  1.6e+04  3.5e+03           5.7e+06                 -0.9 %
17 May 95    2.3e+05  1.6e+04  3.4e+03           5.0e+07                 -1.2 %
18 May 95    7.1e+04  1.6e+04  3.5e+03           1.1e+08                 -0.1 %
19 May 95    1.3e+05  1.6e+04  3.5e+03           8.7e+07                  0.3 %
20 May 95    1.1e+05  1.7e+04  3.9e+03           1.4e+08                  0.3 %
21 May 95    6.0e+04  1.7e+04  3.7e+03           5.0e+07                  0.5 %
22 May 95    6.9e+04  1.7e+04  4.1e+03           6.5e+07                  0.0 %
23 May 95   -1.0e+05 -1.0e+05 -1.0e+05          -1.0e+05                    *
24 May 95    4.9e+05  1.6e+04  3.9e+03           3.1e+07                 -0.3 %
25 May 95    4.6e+05  1.7e+04  3.9e+03           1.8e+08                 -0.2 %
26 May 95    2.2e+05  1.6e+04  3.7e+03           6.4e+07                 -0.2 %
27 May 95   -1.0e+05 -1.0e+05 -1.0e+05          -1.0e+05                    *
28 May 95    1.2e+05  1.6e+04  3.8e+03           7.6e+07                  0.1 %
29 May 95    1.8e+05  1.7e+04  3.8e+03           7.2e+07                 -0.2 %
30 May 95    7.1e+05  1.6e+04  3.7e+03           2.2e+07                  0.0 %
31 May 95    1.6e+06  1.5e+04  3.5e+03           5.9e+08                 -0.4 %
01 Jun 95   -1.0e+05 -1.0e+05 -1.0e+05          -1.0e+05                    *
02 Jun 95    6.3e+05  1.5e+04  3.4e+03           1.4e+09                  0.0 %
03 Jun 95    1.6e+06  1.6e+04  3.4e+03           1.1e+09                  0.2 %
04 Jun 95    5.8e+05  1.6e+04  3.3e+03           7.6e+08                 -0.2 %
05 Jun 95    5.5e+05  1.6e+04  3.5e+03           1.2e+09                  0.2 %
06 Jun 95    3.8e+05  1.6e+04  3.6e+03           7.2e+08                  0.5 %
07 Jun 95    5.0e+05  1.7e+04  3.7e+03           6.8e+08                  0.9 %
08 Jun 95    5.6e+05  1.8e+04  3.9e+03           5.6e+08                  0.9 %
09 Jun 95    5.0e+05  1.8e+04  3.9e+03           2.4e+08                  0.5 %
10 Jun 95    3.8e+05  1.7e+04  3.7e+03           4.2e+07                  0.2 %
11 Jun 95    1.9e+05  1.6e+04  3.9e+03           4.2e+07                  0.1 %
12 Jun 95    2.3e+05  1.6e+04  4.0e+03           5.4e+07                  0.0 %
13 Jun 95    4.2e+05  1.8e+04  4.1e+03           6.3e+07                 -0.1 %
14 Jun 95    4.2e+05  1.7e+04  4.1e+03           4.2e+07                  0.3 %
15 Jun 95    3.3e+05  1.7e+04  4.1e+03           1.6e+07                  0.4 %
16 Jun 95   -1.0e+05 -1.0e+05 -1.0e+05          -1.0e+05                    *
17 Jun 95   -1.0e+05 -1.0e+05 -1.0e+05          -1.0e+05                    *
18 Jun 95   -1.0e+05 -1.0e+05 -1.0e+05          -1.0e+05                    *
19 Jun 95    1.3e+05  1.6e+04  3.6e+03           2.1e+06                 -0.1 %
20 Jun 95    1.4e+06  1.6e+04  3.8e+03           2.2e+08                 -0.2 %
21 Jun 95    3.2e+05  1.5e+04  3.3e+03           7.3e+08                 -0.3 %
22 Jun 95    2.2e+05  1.5e+04  3.4e+03           1.2e+09                  0.0 %
23 Jun 95    3.0e+05  1.6e+04  3.5e+03           7.8e+08                 -0.1 %
24 Jun 95    3.0e+05  1.6e+04  3.5e+03           6.6e+08                  0.1 %
25 Jun 95    3.5e+05  1.7e+04  3.7e+03           2.2e+08                 -0.1 %
26 Jun 95    1.2e+05  1.6e+04  3.6e+03           1.2e+07                 -0.3 %
27 Jun 95    3.8e+05  1.6e+04  3.4e+03           4.9e+07                 -0.5 %
28 Jun 95    9.7e+04  1.6e+04  3.6e+03           6.0e+07                  0.3 %
29 Jun 95    2.2e+05  1.6e+04  3.5e+03           4.3e+07                 -0.5 %
30 Jun 95    2.0e+05  1.6e+04  3.4e+03           3.0e+07                 -0.3 %
01 Jul 95    8.2e+04  1.7e+04  3.6e+03           2.4e+07                 -0.5 %
02 Jul 95    1.2e+05  1.7e+04  3.8e+03           5.9e+07                 -0.1 %
03 Jul 95    1.2e+05  1.7e+04  3.6e+03           6.4e+07                  0.0 %
04 Jul 95    6.1e+04  1.6e+04  3.8e+03           1.4e+07                  0.3 %
05 Jul 95   -1.0e+05 -1.0e+05 -1.0e+05          -1.0e+05                    *
06 Jul 95    6.7e+06  9.4e+04  1.7e+04           2.8e+07                  0.5 %
07 Jul 95    1.1e+09  1.7e+06 -1.0e+05           1.3e+07                  0.8 %
08 Jul 95    6.3e+04  1.7e+04  4.1e+03           1.3e+07                  0.6 %
09 Jul 95    7.1e+04  1.9e+04  4.0e+03           8.7e+06                  0.5 %
10 Jul 95   -1.0e+05 -1.0e+05 -1.0e+05          -1.0e+05                    *
11 Jul 95    7.5e+04  1.7e+04  4.0e+03           1.1e+07                  0.6 %
12 Jul 95    1.2e+05  1.8e+04  4.0e+03           8.6e+06                 -0.1 %
13 Jul 95    8.4e+04  1.6e+04  3.5e+03           5.3e+06                 -1.2 %
14 Jul 95    8.2e+04  1.6e+04  3.5e+03           4.0e+06                 -0.8 %
15 Jul 95    7.5e+04  1.6e+04  3.5e+03           2.2e+06                 -0.5 %
16 Jul 95    2.1e+05  1.6e+04  3.6e+03           2.9e+06                 -0.4 %
17 Jul 95    2.3e+06  1.6e+04  3.4e+03           4.0e+08                 -0.4 %
18 Jul 95    7.5e+05  1.6e+04  3.5e+03           8.6e+08                 -0.2 %
19 Jul 95   -1.0e+05 -1.0e+05 -1.0e+05          -1.0e+05                    *
20 Jul 95    1.3e+05  1.6e+04  3.6e+03           6.8e+08                 -0.2 %
21 Jul 95    9.2e+04  1.6e+04  3.6e+03           5.5e+08                 -0.2 %
22 Jul 95    1.8e+05  1.7e+04  3.7e+03           6.1e+08                  0.1 %
23 Jul 95    1.8e+05  1.7e+04  3.6e+03           5.4e+08                  0.4 %
24 Jul 95    3.1e+05  1.8e+04  3.8e+03           3.3e+07                  0.6 %
25 Jul 95    8.6e+04  1.7e+04  3.7e+03           6.2e+06                  0.0 %
26 Jul 95    8.1e+04  1.7e+04  3.7e+03           1.1e+07                 -0.1 %
27 Jul 95    7.4e+04  1.7e+04  3.7e+03           1.5e+07                  0.3 %
28 Jul 95    1.2e+05  1.6e+04  3.7e+03           1.4e+07                  0.2 %
29 Jul 95    7.4e+04  1.7e+04  3.7e+03           5.7e+06                 -0.1 %
30 Jul 95   -1.0e+05 -1.0e+05 -1.0e+05          -1.0e+05                    *
31 Jul 95    1.1e+05  1.6e+04  3.8e+03           3.7e+06                  0.1 %
01 Aug 95    9.4e+04  1.6e+04  3.6e+03           3.3e+06                 -0.3 %
02 Aug 95    1.4e+05  1.8e+04  3.8e+03           3.6e+06                  0.4 %
03 Aug 95    4.9e+04  1.6e+04  3.8e+03           2.7e+06                  0.5 %
04 Aug 95    4.4e+04  1.7e+04  3.8e+03           2.3e+06                  0.2 %
05 Aug 95    4.8e+04  1.7e+04  3.7e+03           2.3e+06                 -0.3 %
06 Aug 95    5.7e+04  1.7e+04  3.8e+03           2.4e+06                  0.4 %
07 Aug 95    9.7e+04  1.6e+04  3.7e+03           2.4e+06                 -0.2 %
08 Aug 95    2.0e+05  1.6e+04  3.4e+03           2.9e+06                 -0.8 %
09 Aug 95    5.8e+05  1.6e+04  3.4e+03           2.7e+08                 -0.7 %
10 Aug 95    2.0e+05  1.7e+04  3.6e+03           1.9e+08                 -0.3 %
11 Aug 95    1.3e+05  1.6e+04  3.6e+03           3.1e+08                 -0.3 %
12 Aug 95    1.3e+05  1.6e+04  3.6e+03           3.7e+08                 -0.3 %
13 Aug 95    9.4e+04  1.6e+04  3.7e+03           1.0e+08                  0.1 %
14 Aug 95    3.2e+05  1.6e+04  3.6e+03           9.8e+07                 -0.3 %
15 Aug 95    7.2e+05  1.7e+04  3.8e+03           1.5e+09                  0.1 %
16 Aug 95    3.8e+05  1.7e+04  3.8e+03           2.7e+09                  0.4 %
17 Aug 95    4.3e+05  1.6e+04  3.5e+03           9.6e+08                  0.3 %
18 Aug 95    5.5e+04  1.8e+04  3.8e+03           1.6e+07                  0.0 %
19 Aug 95    4.4e+05  1.7e+04  4.0e+03           3.6e+07                  0.3 %
20 Aug 95    1.8e+05  1.8e+04  3.8e+03           2.2e+07                  0.7 %
21 Aug 95    2.1e+05  1.7e+04  3.9e+03           2.1e+07                  0.8 %
22 Aug 95    3.0e+05  1.8e+04  3.7e+03           4.0e+07                  0.8 %
23 Aug 95    8.3e+04  1.8e+04  3.8e+03           3.3e+06                 -0.2 %
24 Aug 95    6.9e+04  1.7e+04  3.8e+03           4.6e+06                  0.2 %
25 Aug 95    1.2e+05  1.7e+04  3.6e+03           3.2e+06                 -0.4 %
26 Aug 95    1.1e+05  1.7e+04  3.8e+03           3.9e+07                 -0.1 %
27 Aug 95    1.6e+05  1.7e+04  4.0e+03           3.2e+07                 -0.1 %
28 Aug 95    1.7e+05  1.7e+04  3.8e+03           1.6e+07                  0.0 %
29 Aug 95    3.1e+05  1.7e+04  3.9e+03           5.4e+06                  0.6 %
30 Aug 95   -1.0e+05 -1.0e+05 -1.0e+05          -1.0e+05                    *
31 Aug 95    1.6e+05  1.7e+04  3.9e+03           6.3e+06                  0.7 %
01 Sep 95    2.5e+05  1.7e+04  4.0e+03           5.5e+06                  0.5 %
02 Sep 95    2.3e+05  1.7e+04  3.8e+03           5.1e+06                 -0.2 %
03 Sep 95    2.3e+05  1.8e+04  4.0e+03           2.9e+06                  0.3 %
04 Sep 95    2.7e+05  1.9e+04  4.0e+03           2.7e+06                  0.3 %
05 Sep 95    1.6e+05  1.7e+04  3.7e+03           2.2e+06                  0.0 %
06 Sep 95   -1.0e+05 -1.0e+05 -1.0e+05          -1.0e+05                    *
07 Sep 95    7.2e+05  1.6e+04  3.6e+03           6.0e+08                 -1.2 %
08 Sep 95    1.3e+06  1.6e+04  3.5e+03           5.6e+08                 -1.0 %
09 Sep 95    4.8e+05  1.6e+04  3.6e+03           3.0e+09                 -0.5 %
10 Sep 95   -1.0e+05 -1.0e+05 -1.0e+05          -1.0e+05                    *
11 Sep 95   -1.0e+05 -1.0e+05 -1.0e+05          -1.0e+05                    *
12 Sep 95    1.8e+05  1.7e+04  3.7e+03           6.4e+08                  0.2 %
13 Sep 95    2.4e+06  1.7e+04  3.5e+03           8.3e+08                 -0.5 %
14 Sep 95    2.3e+05  1.6e+04  3.8e+03           2.6e+09                  0.0 %
15 Sep 95    7.2e+05  1.6e+04  3.9e+03           4.0e+08                  0.3 %
16 Sep 95    1.1e+05  1.6e+04  3.6e+03           8.1e+07                  0.6 %
17 Sep 95    7.3e+04  1.7e+04  3.7e+03           7.7e+07                  0.6 %
18 Sep 95    8.3e+04  1.7e+04  3.7e+03           2.2e+08                  0.6 %
19 Sep 95    1.2e+05  1.7e+04  3.9e+03           1.4e+08                 -0.2 %
20 Sep 95    2.0e+05  1.8e+04  3.7e+03           2.0e+07                 -0.3 %
21 Sep 95   -1.0e+05 -1.0e+05 -1.0e+05          -1.0e+05                    *
22 Sep 95   -1.0e+05 -1.0e+05 -1.0e+05          -1.0e+05                    *
23 Sep 95    1.2e+05  1.6e+04  3.6e+03           4.6e+06                 -0.7 %
24 Sep 95    2.0e+05  1.8e+04  3.9e+03           2.9e+07                  0.1 %
25 Sep 95    8.9e+04  1.7e+04  3.7e+03           1.4e+07                  0.3 %
26 Sep 95    1.2e+05  1.8e+04  3.8e+03           1.0e+07                  0.6 %
27 Sep 95    1.0e+06  1.8e+04  3.9e+03           6.2e+06                  0.7 %
28 Sep 95    9.1e+04  1.8e+04  4.0e+03           3.9e+06                  0.1 %
29 Sep 95   -1.0e+05 -1.0e+05 -1.0e+05          -1.0e+05                    *
30 Sep 95   -1.0e+05 -1.0e+05 -1.0e+05          -1.0e+05                    *
01 Oct 95   -1.0e+05 -1.0e+05 -1.0e+05          -1.0e+05                    *
02 Oct 95    2.3e+05  1.7e+04  3.9e+03           4.2e+06                  0.3 %
03 Oct 95    5.5e+05  1.7e+04  3.8e+03           3.5e+07                 -0.2 %
04 Oct 95    1.4e+06  1.7e+04  3.5e+03           4.5e+07                 -0.7 %
05 Oct 95    4.1e+06  1.7e+04  3.5e+03           8.7e+08                 -0.4 %
06 Oct 95    2.5e+06  1.6e+04  3.6e+03           2.0e+09                 -0.2 %
07 Oct 95    3.5e+06  1.6e+04  3.4e+03           1.5e+09                 -0.5 %
08 Oct 95    1.6e+06  1.6e+04  3.5e+03           1.3e+09                 -0.1 %
09 Oct 95    1.1e+06  1.7e+04  3.7e+03           1.1e+09                  0.1 %
10 Oct 95    5.4e+05  1.6e+04  3.9e+03           7.2e+08                  0.0 %
11 Oct 95    5.6e+05  1.7e+04  3.7e+03           2.1e+08                  0.2 %
12 Oct 95    1.2e+06  1.7e+04  3.8e+03           2.3e+08                  0.5 %
13 Oct 95    3.2e+05  1.7e+04  4.0e+03           2.5e+08                  0.1 %
14 Oct 95    2.5e+05  1.8e+04  4.0e+03           3.2e+08                  0.2 %
15 Oct 95    3.0e+05  1.8e+04  4.1e+03           3.9e+08                  0.4 %
16 Oct 95    1.0e+06  1.8e+04  4.0e+03           1.1e+08                 -0.1 %
17 Oct 95    1.9e+05  1.7e+04  3.9e+03           6.6e+06                 -1.4 %
18 Oct 95    1.2e+06  1.7e+04  3.4e+03           3.6e+06                 -1.1 %
19 Oct 95    1.3e+06  1.5e+04  3.4e+03           4.1e+07                 -1.2 %
20 Oct 95    2.3e+07  1.6e+06  5.0e+03           7.5e+07                 -0.5 %
21 Oct 95    1.7e+07  2.7e+05  4.0e+03           1.9e+08                  0.1 %
22 Oct 95    3.7e+06  3.7e+04  3.8e+03           5.3e+08                  0.3 %
23 Oct 95    1.3e+06  1.9e+04  3.7e+03           5.5e+07                 -0.1 %
24 Oct 95    4.2e+05  1.6e+04  3.7e+03           1.7e+07                  0.3 %
25 Oct 95    8.5e+04  1.8e+04  4.0e+03           1.6e+07                  0.6 %
26 Oct 95    2.8e+05  1.8e+04  4.0e+03           3.0e+07                  1.0 %
27 Oct 95    2.3e+05  1.7e+04  4.0e+03           1.3e+07                  0.5 %
28 Oct 95    2.0e+05  1.8e+04  4.2e+03           6.8e+06                  0.2 %
29 Oct 95    1.8e+05  1.8e+04  4.5e+03           5.5e+06                  0.2 %
30 Oct 95    2.7e+05  1.8e+04  4.2e+03           2.8e+06                 -0.1 %
31 Oct 95    1.5e+05  1.6e+04  4.0e+03           4.0e+06                 -0.5 %
01 Nov 95   -1.0e+05 -1.0e+05 -1.0e+05          -1.0e+05                    *
02 Nov 95   -1.0e+05 -1.0e+05 -1.0e+05          -1.0e+05                    *
03 Nov 95    4.3e+05  1.6e+04  3.8e+03           2.5e+08                 -0.8 %
04 Nov 95    1.1e+06  1.7e+04  3.8e+03           1.2e+08                 -0.5 %
05 Nov 95    5.8e+05  1.6e+04  3.9e+03           8.3e+06                 -0.6 %
06 Nov 95    2.0e+06  1.7e+04  4.2e+03           1.7e+08                 -0.6 %
07 Nov 95    6.7e+05  1.7e+04  4.2e+03           3.5e+08                  0.5 %
08 Nov 95    2.0e+05  1.7e+04  4.0e+03           4.0e+08                  0.7 %
09 Nov 95    4.0e+05  1.8e+04  4.1e+03           3.2e+08                  0.8 %
10 Nov 95    7.3e+05  1.8e+04  4.2e+03           3.4e+08                  0.2 %
11 Nov 95    8.8e+05  1.7e+04  3.9e+03           1.3e+08                  0.1 %
12 Nov 95    9.6e+05  1.7e+04  3.7e+03           1.6e+07                  0.0 %
13 Nov 95    1.7e+06  1.7e+04  3.9e+03           1.7e+07                 -0.3 %
14 Nov 95    1.2e+06  1.7e+04  3.7e+03           1.1e+07                 -0.4 %
15 Nov 95    8.0e+05  1.7e+04  3.8e+03           4.6e+06                 -0.1 %
16 Nov 95    1.0e+06  1.7e+04  3.9e+03           4.3e+06                  0.5 %
17 Nov 95    1.2e+06  1.8e+04  3.7e+03           2.7e+06                  0.4 %
18 Nov 95    7.2e+05  1.7e+04  3.9e+03           2.3e+06                  0.5 %
19 Nov 95    4.0e+05  1.7e+04  3.8e+03           2.2e+06                  0.8 %
20 Nov 95   -1.0e+05 -1.0e+05 -1.0e+05          -1.0e+05                    *
21 Nov 95    3.5e+05  1.7e+04  4.1e+03           2.6e+06                  1.0 %
22 Nov 95    6.2e+05  1.8e+04  4.2e+03           2.2e+06                  0.8 %
23 Nov 95    3.0e+05  1.8e+04  4.1e+03           2.0e+06                  0.2 %
24 Nov 95    2.4e+05  1.8e+04  4.1e+03           2.0e+06                  0.1 %
25 Nov 95    2.8e+05  1.8e+04  4.0e+03           2.0e+06                 -0.2 %
26 Nov 95    3.3e+05  1.8e+04  3.7e+03           1.9e+06                 -0.6 %
27 Nov 95    3.5e+05  1.7e+04  3.7e+03           1.7e+06                 -0.9 %
28 Nov 95    1.6e+05  1.6e+04  3.5e+03           3.4e+06                 -1.5 %
29 Nov 95    5.3e+05  1.6e+04  3.4e+03           1.3e+07                 -0.9 %
30 Nov 95    4.0e+05  1.6e+04  3.4e+03           2.0e+07                 -0.5 %
01 Dec 95    8.7e+05  1.7e+04  3.6e+03           1.1e+07                 -0.1 %
02 Dec 95   -1.0e+05 -1.0e+05 -1.0e+05          -1.0e+05                    *
03 Dec 95   -1.0e+05 -1.0e+05 -1.0e+05          -1.0e+05                    *
04 Dec 95    6.1e+05  1.7e+04  4.0e+03           2.6e+06                  0.3 %
05 Dec 95    8.9e+04  1.8e+04  3.8e+03           3.7e+06                  0.6 %
06 Dec 95    1.3e+05  1.7e+04  4.1e+03           4.4e+06                  0.7 %
07 Dec 95    1.3e+05  1.8e+04  4.0e+03           3.9e+06                  0.6 %
08 Dec 95    2.4e+05  1.8e+04  4.1e+03           4.3e+06                  0.6 %
09 Dec 95    1.6e+05  1.7e+04  4.1e+03           2.5e+06                 -0.2 %
10 Dec 95    1.6e+05  1.8e+04  4.1e+03           2.1e+06                 -0.1 %
11 Dec 95    3.3e+05  1.8e+04  4.1e+03           2.1e+06                  0.0 %
12 Dec 95    3.7e+05  1.7e+04  4.0e+03           2.0e+06                  0.2 %
13 Dec 95    1.6e+05  1.7e+04  4.0e+03           1.8e+06                 -0.2 %
14 Dec 95    5.4e+05  1.7e+04  4.1e+03           1.8e+06                 -0.3 %
15 Dec 95    3.2e+05  1.8e+04  3.8e+03           1.7e+06                 -0.5 %
16 Dec 95    1.7e+05  1.6e+04  3.7e+03           2.1e+06                  0.0 %
17 Dec 95    2.0e+05  1.7e+04  3.9e+03           3.3e+06                  0.3 %
18 Dec 95    1.4e+05  1.8e+04  4.0e+03           3.6e+06                  0.6 %
19 Dec 95   -1.0e+05 -1.0e+05 -1.0e+05          -1.0e+05                    *
20 Dec 95    3.1e+05  1.7e+04  3.8e+03           5.3e+06                 -0.3 %
21 Dec 95    3.4e+05  1.7e+04  3.8e+03           3.1e+06                 -0.8 %
22 Dec 95    3.1e+05  1.6e+04  3.7e+03           1.8e+06                 -0.5 %
23 Dec 95   -1.0e+05 -1.0e+05 -1.0e+05          -1.0e+05                    *
24 Dec 95    5.4e+05  1.7e+04  3.5e+03           1.9e+06                 -1.0 %
25 Dec 95    1.1e+06  1.6e+04  3.4e+03           2.5e+07                 -1.0 %
26 Dec 95    5.4e+05  1.7e+04  3.5e+03           1.2e+08                 -1.2 %
27 Dec 95    5.2e+05  1.6e+04  3.6e+03           2.0e+08                 -0.5 %
28 Dec 95    8.6e+05  1.6e+04  3.7e+03           1.3e+08                 -0.1 %
29 Dec 95    8.3e+05  1.7e+04  3.9e+03           9.2e+07                  0.0 %
30 Dec 95    1.2e+06  1.7e+04  4.0e+03           5.7e+07                  0.4 %
31 Dec 95   -1.0e+05 -1.0e+05 -1.0e+05          -1.0e+05                    *

