:Product: Daily Particle Data        1996_DPD.txt
:Issued: 0223 UT 22 Jul 1997
#
#  Prepared by the U.S. Dept. of Commerce, NOAA, Space Environment Center.
#  Please send comments and suggestions to sec@sec.noaa.gov
#
#                            1996 Daily Particle Data
#

               GOES-8 Proton Fluence       GOES-7 Electron Fluence      Neutron
             --- Protons/cm2-day-sr ---   -- Electrons/cm2-day-sr --    Monitor
   Date       >1 MeV  >10 MeV  >100 MeV          >2 MeV               % of bkgd
01 Jan 96    8.7e+05  1.7e+04  4.0e+03           9.7e+06                    *
02 Jan 96    9.9e+05  1.6e+04  3.8e+03           9.4e+06                  0.4 %
03 Jan 96    4.5e+05  1.6e+04  3.8e+03           5.6e+06                  0.2 %
04 Jan 96   -1.0e+05 -1.0e+05 -1.0e+05          -1.0e+05                    *
05 Jan 96   -1.0e+05 -1.0e+05 -1.0e+05          -1.0e+05                    *
06 Jan 96    4.2e+05  1.8e+04  4.1e+03           3.3e+06                  0.6 %
07 Jan 96    3.0e+05  1.7e+04  4.1e+03           3.4e+06                  0.4 %
08 Jan 96    3.6e+05  1.8e+04  4.1e+03           3.4e+06                  0.4 %
09 Jan 96    4.2e+05  1.8e+04  4.2e+03           3.5e+06                  0.5 %
10 Jan 96    6.4e+05  1.8e+04  4.0e+03           3.2e+06                  0.0 %
11 Jan 96    7.0e+05  1.8e+04  4.0e+03           2.1e+06                 -0.1 %
12 Jan 96    5.4e+05  1.8e+04  3.7e+03           1.7e+06                  0.1 %
13 Jan 96    1.9e+05  1.8e+04  3.9e+03           1.5e+06                  0.1 %
14 Jan 96    1.1e+06  1.7e+04  3.8e+03           1.6e+06                 -0.3 %
15 Jan 96    1.0e+06  1.7e+04  3.9e+03           1.2e+08                 -0.2 %
16 Jan 96   -1.0e+05 -1.0e+05 -1.0e+05          -1.0e+05                    *
17 Jan 96    8.1e+05  1.7e+04  3.6e+03           9.7e+07                  0.2 %
18 Jan 96    6.1e+05  1.7e+04  3.8e+03           5.3e+07                  0.5 %
19 Jan 96    8.4e+05  1.8e+04  3.8e+03           6.3e+07                  0.6 %
20 Jan 96    6.5e+05  1.7e+04  3.7e+03           2.8e+06                 -0.3 %
21 Jan 96    1.3e+05  1.7e+04  3.6e+03           2.4e+06                 -0.5 %
22 Jan 96    2.2e+05  1.7e+04  3.8e+03           3.2e+06                 -0.1 %
23 Jan 96    1.7e+05  1.8e+04  3.9e+03           3.2e+06                 -0.3 %
24 Jan 96    2.3e+05  1.7e+04  3.8e+03           3.1e+06                 -0.3 %
25 Jan 96    1.8e+05  1.8e+04  3.9e+03           2.1e+06                 -0.2 %
26 Jan 96    2.7e+05  1.7e+04  3.8e+03           2.2e+06                  0.1 %
27 Jan 96    1.4e+05  1.7e+04  3.9e+03           2.6e+06                  0.6 %
28 Jan 96    2.1e+05  1.8e+04  4.0e+03           2.7e+06                  0.8 %
29 Jan 96    9.4e+05  1.7e+04  3.9e+03           2.5e+07                  0.5 %
30 Jan 96    2.4e+05  1.7e+04  3.7e+03           3.2e+07                 -0.3 %
31 Jan 96   -1.0e+05 -1.0e+05 -1.0e+05          -1.0e+05                    *
01 Feb 96   -1.0e+05 -1.0e+05 -1.0e+05          -1.0e+05                    *
02 Feb 96    4.9e+05  1.8e+04  4.2e+03           2.2e+07                  0.1 %
03 Feb 96    6.6e+05  1.8e+04  4.2e+03           1.4e+07                  0.4 %
04 Feb 96   -1.0e+05 -1.0e+05 -1.0e+05          -1.0e+05                    *
05 Feb 96   -1.0e+05 -1.0e+05 -1.0e+05          -1.0e+05                    *
06 Feb 96   -1.0e+05 -1.0e+05 -1.0e+05          -1.0e+05                    *
07 Feb 96    4.3e+05  1.8e+04  4.2e+03           3.9e+06                  0.4 %
08 Feb 96    9.4e+05  1.8e+04  3.9e+03           3.1e+06                  0.3 %
09 Feb 96    2.9e+05  1.7e+04  4.1e+03           2.6e+06                 -0.3 %
10 Feb 96    4.7e+05  1.8e+04  4.2e+03           2.2e+06                 -0.1 %
11 Feb 96    2.1e+05  1.7e+04  3.7e+03           5.3e+06                 -0.5 %
12 Feb 96    4.7e+05  1.8e+04  4.0e+03           3.0e+07                 -0.4 %
13 Feb 96    1.4e+06  1.7e+04  3.7e+03           1.3e+08                  0.1 %
14 Feb 96    4.0e+05  1.7e+04  3.9e+03           1.5e+08                  0.2 %
15 Feb 96    2.3e+05  1.7e+04  4.0e+03           1.7e+08                  0.0 %
16 Feb 96    4.7e+05  1.7e+04  3.7e+03           3.9e+07                 -1.1 %
17 Feb 96    9.0e+04  1.7e+04  3.8e+03           1.5e+07                 -0.5 %
18 Feb 96    3.5e+05  1.8e+04  3.8e+03           1.5e+07                 -0.6 %
19 Feb 96    1.4e+05  1.6e+04  3.8e+03           6.1e+06                 -0.3 %
20 Feb 96   -1.0e+05 -1.0e+05 -1.0e+05          -1.0e+05                    *
21 Feb 96    1.6e+05  1.7e+04  3.6e+03           3.2e+07                 -0.7 %
22 Feb 96    8.5e+04  1.6e+04  3.7e+03           1.1e+07                 -0.2 %
23 Feb 96    3.4e+05  1.6e+04  3.6e+03           4.6e+06                 -0.3 %
24 Feb 96    5.2e+05  1.7e+04  3.5e+03           6.9e+06                 -0.3 %
25 Feb 96    2.2e+05  1.7e+04  3.5e+03           2.3e+07                 -0.2 %
26 Feb 96    2.1e+05  1.7e+04  3.9e+03           4.2e+07                 -0.3 %
27 Feb 96   -1.0e+05 -1.0e+05 -1.0e+05          -1.0e+05                    *
28 Feb 96    8.5e+04  1.7e+04  3.9e+03           1.7e+07                 -0.1 %
29 Feb 96    2.4e+05  1.8e+04  4.0e+03           5.2e+07                 -0.2 %
01 Mar 96    1.6e+05  1.6e+04  4.1e+03           3.8e+07                 -0.3 %
02 Mar 96    2.0e+05  1.8e+04  4.0e+03           3.7e+07                  0.2 %
03 Mar 96    2.4e+05  1.8e+04  4.3e+03           1.0e+07                 -0.2 %
04 Mar 96    7.1e+04  1.8e+04  4.3e+03           3.3e+06                  0.0 %
05 Mar 96    9.2e+04  1.8e+04  4.5e+03           5.7e+06                 -0.1 %
06 Mar 96    1.1e+05  1.8e+04  4.6e+03           5.5e+06                  0.2 %
07 Mar 96   -1.0e+05 -1.0e+05 -1.0e+05          -1.0e+05                    *
08 Mar 96    1.4e+05  1.8e+04  4.4e+03           2.5e+06                 -0.3 %
09 Mar 96    1.5e+05  1.9e+04  4.3e+03           2.1e+06                 -0.1 %
10 Mar 96    1.6e+05  1.9e+04  4.4e+03           2.2e+06                  0.2 %
11 Mar 96    3.3e+05  1.8e+04  4.2e+03           2.1e+07                  0.0 %
12 Mar 96    3.6e+05  1.7e+04  4.1e+03           3.2e+08                 -0.3 %
13 Mar 96    9.7e+05  1.7e+04  3.8e+03           1.8e+08                 -0.4 %
14 Mar 96    3.0e+05  1.8e+04  3.8e+03           6.6e+08                 -0.3 %
15 Mar 96    1.9e+05  1.7e+04  3.7e+03           9.3e+08                 -0.4 %
16 Mar 96    3.4e+05  1.7e+04  3.9e+03           2.0e+08                 -1.0 %
17 Mar 96    3.1e+05  1.7e+04  3.5e+03           1.1e+08                 -0.3 %
18 Mar 96    3.6e+05  1.7e+04  3.5e+03           2.3e+08                 -0.1 %
19 Mar 96    3.2e+05  1.7e+04  3.5e+03           1.2e+08                 -0.4 %
20 Mar 96    5.0e+05  1.7e+04  3.7e+03           3.9e+07                 -0.1 %
21 Mar 96    6.8e+06  1.7e+04  3.5e+03           2.4e+08                  0.3 %
22 Mar 96    3.3e+05  1.7e+04  3.4e+03           3.8e+08                  0.1 %
23 Mar 96    3.0e+05  1.6e+04  3.6e+03           1.2e+09                  0.3 %
24 Mar 96    3.7e+05  1.7e+04  3.6e+03           1.4e+08                  0.2 %
25 Mar 96    5.1e+05  1.7e+04  3.7e+03           6.7e+07                 -0.1 %
26 Mar 96    3.5e+05  1.7e+04  3.7e+03           3.1e+08                 -0.1 %
27 Mar 96    4.2e+05  1.8e+04  3.9e+03           4.5e+08                  0.0 %
28 Mar 96    2.1e+05  1.7e+04  4.1e+03           3.1e+08                 -0.2 %
29 Mar 96    2.3e+05  1.8e+04  3.9e+03           4.2e+08                  0.1 %
30 Mar 96    4.2e+05  1.7e+04  4.2e+03           3.3e+08                  0.2 %
31 Mar 96    3.6e+05  1.8e+04  4.2e+03           1.2e+08                  0.1 %
01 Apr 96    6.2e+05  1.9e+04  4.3e+03     9.4e+09   1.3e+07              0.1 %
02 Apr 96    7.6e+05  1.8e+04  4.3e+03     7.9e+09   1.5e+07              0.0 %
03 Apr 96    7.8e+05  1.9e+04  4.5e+03     7.0e+09   7.5e+06              0.3 %
04 Apr 96    1.3e+06  1.9e+04  4.6e+03     4.7e+09   1.9e+06              0.2 %
05 Apr 96    3.7e+05  2.0e+04  4.5e+03     1.3e+10   2.7e+06              0.5 %
06 Apr 96    3.5e+05  1.9e+04  4.9e+03     1.4e+10   3.1e+06              0.5 %
07 Apr 96    3.7e+05  2.0e+04  5.0e+03     1.2e+10   3.6e+06              0.2 %
08 Apr 96    4.6e+05  1.9e+04  4.7e+03     9.9e+09   2.6e+06             -0.4 %
09 Apr 96    8.8e+05  1.9e+04  4.4e+03     4.3e+09   7.5e+05             -0.5 %
10 Apr 96    4.5e+05  1.8e+04  4.2e+03     2.2e+10   3.1e+06             -0.4 %
11 Apr 96    6.3e+05  1.7e+04  4.2e+03     1.7e+10   4.4e+06             -0.9 %
12 Apr 96    2.4e+06  1.8e+04  4.0e+03     2.4e+10   4.9e+07             -0.6 %
13 Apr 96    7.1e+05  1.7e+04  3.9e+03     4.5e+10   1.4e+08             -0.5 %
14 Apr 96    6.0e+05  1.7e+04  4.1e+03     7.8e+09   1.3e+07             -0.1 %
15 Apr 96    6.9e+06  1.6e+04  4.1e+03     4.8e+10   3.0e+08             -0.6 %
16 Apr 96    3.5e+06  1.6e+04  4.1e+03     6.5e+10   1.4e+09             -0.5 %
17 Apr 96    1.2e+07  1.7e+04  3.9e+03     3.2e+10   3.9e+08              0.0 %
18 Apr 96    5.4e+07  1.7e+04  3.9e+03     3.9e+10   8.3e+08              0.2 %
19 Apr 96    6.9e+07  1.6e+04  3.7e+03     3.9e+10   1.4e+09              0.1 %
20 Apr 96    2.4e+07  1.7e+04  4.0e+03     4.5e+10   1.8e+09              0.5 %
21 Apr 96    1.6e+07  1.7e+04  4.2e+03     4.5e+10   1.9e+09              0.8 %
22 Apr 96    8.6e+05  1.7e+04  4.2e+03     3.9e+10   1.2e+09              0.0 %
23 Apr 96    1.2e+06  1.6e+04  4.4e+03     3.0e+10   8.7e+08              0.1 %
24 Apr 96    1.0e+06  1.8e+04  4.4e+03     3.1e+10   8.4e+08             -0.1 %
25 Apr 96    8.1e+05  1.8e+04  4.6e+03     1.7e+10   3.4e+08             -0.2 %
26 Apr 96    5.6e+05  1.8e+04  4.3e+03     1.5e+10   3.1e+08              0.1 %
27 Apr 96    1.2e+06  1.8e+04  4.3e+03     1.5e+10   4.1e+08             -0.3 %
28 Apr 96    5.5e+05  1.8e+04  4.6e+03     4.2e+09   9.5e+06             -0.9 %
29 Apr 96    5.2e+05  1.7e+04  4.2e+03     4.2e+09   2.2e+07             -0.4 %
30 Apr 96    6.6e+05  1.8e+04  4.6e+03     4.0e+09   2.6e+07             -0.1 %
01 May 96    6.7e+05  1.9e+04  4.7e+03     4.5e+09   1.8e+07             -0.1 %
02 May 96    7.4e+05  1.8e+04  4.6e+03     4.1e+09   1.5e+07              0.0 %
03 May 96    9.9e+05  1.8e+04  4.5e+03     2.8e+09   1.5e+07             -0.2 %
04 May 96    6.9e+05  1.9e+04  5.1e+03     2.5e+09   1.7e+07              0.2 %
05 May 96    7.3e+05  2.0e+04  4.9e+03     7.5e+09   1.1e+07              0.1 %
06 May 96    8.7e+05  1.8e+04  4.3e+03     6.9e+09   1.2e+07              0.6 %
07 May 96    7.3e+05  1.8e+04  4.1e+03     4.5e+09   1.5e+07              0.1 %
08 May 96    5.8e+05  1.8e+04  4.3e+03     1.3e+09   7.2e+06              0.4 %
09 May 96    4.9e+05  1.8e+04  4.0e+03     1.5e+09   1.0e+07             -0.6 %
10 May 96    5.9e+05  1.8e+04  4.0e+03     1.4e+09   1.1e+07              0.0 %
11 May 96    5.5e+05  1.7e+04  4.1e+03     8.3e+08   4.0e+06              0.1 %
12 May 96    7.4e+05  1.7e+04  3.8e+03     7.6e+08   4.1e+06             -0.1 %
13 May 96    7.4e+05  1.6e+04  3.9e+03     1.6e+09   1.3e+06              0.7 %
14 May 96    7.5e+05  1.7e+04  3.9e+03     1.9e+10   5.3e+06              0.7 %
15 May 96    3.4e+05  1.6e+04  3.8e+03     6.3e+09   1.5e+06              1.1 %
16 May 96    5.8e+05  1.7e+04  4.1e+03     2.1e+10   8.0e+06              1.3 %
17 May 96    1.0e+06  1.7e+04  4.1e+03     1.9e+10   7.4e+06              1.1 %
18 May 96    7.4e+05  1.7e+04  4.0e+03     2.8e+10   1.1e+07              1.0 %
19 May 96    1.1e+06  1.7e+04  4.1e+03     2.7e+10   1.1e+07              0.9 %
20 May 96    1.4e+06  1.8e+04  4.0e+03     1.4e+10   4.5e+06              0.6 %
21 May 96    6.5e+05  1.8e+04  4.0e+03     1.7e+10   5.3e+06              0.3 %
22 May 96    6.4e+05  1.7e+04  4.2e+03     1.9e+10   6.8e+06              0.6 %
23 May 96    6.3e+05  1.7e+04  4.1e+03     7.7e+09   2.7e+06              0.4 %
24 May 96    6.2e+05  1.7e+04  4.2e+03     6.9e+09   1.5e+06              0.3 %
25 May 96    6.5e+05  1.7e+04  4.2e+03     6.8e+09   1.2e+06              0.1 %
26 May 96    4.8e+05  1.8e+04  4.1e+03     4.1e+09   5.8e+05              0.1 %
27 May 96    7.1e+05  1.8e+04  4.2e+03     7.7e+09   1.5e+06             -0.1 %
28 May 96    2.4e+05  1.8e+04  4.2e+03     1.2e+10   1.8e+06              0.1 %
29 May 96    4.3e+05  1.8e+04  4.0e+03     7.7e+09   1.4e+06              0.7 %
30 May 96    3.6e+05  1.8e+04  4.3e+03     4.5e+09   9.7e+05              0.8 %
31 May 96    4.2e+05  1.8e+04  4.3e+03     4.6e+09   1.3e+06              0.7 %
01 Jun 96    3.4e+05  1.8e+04  4.4e+03     6.6e+09   2.0e+06              0.3 %
02 Jun 96    4.4e+05  1.8e+04  4.2e+03     6.2e+09   2.5e+06              0.5 %
03 Jun 96    6.1e+05  1.8e+04  4.4e+03     3.1e+09   8.5e+05              0.5 %
04 Jun 96    4.6e+05  1.9e+04  4.5e+03     2.2e+09   8.6e+05              0.1 %
05 Jun 96    5.6e+05  1.8e+04  4.4e+03     1.6e+09   6.7e+05             -0.1 %
06 Jun 96    7.8e+05  1.6e+04  4.1e+03     3.7e+09   2.6e+05             -0.5 %
07 Jun 96    5.3e+05  1.7e+04  3.9e+03     1.0e+10   4.2e+05             -0.6 %
08 Jun 96    5.1e+05  1.7e+04  4.0e+03     7.1e+09   3.6e+05             -0.4 %
09 Jun 96    6.0e+05  1.6e+04  4.2e+03     6.0e+09   3.7e+05             -0.3 %
10 Jun 96    5.0e+05  1.7e+04  3.9e+03     3.9e+09   4.2e+05             -0.2 %
11 Jun 96    6.5e+05  1.6e+04  4.0e+03     3.1e+09   4.5e+05             -0.1 %
12 Jun 96    4.1e+05  1.7e+04  4.0e+03     1.5e+09   2.0e+05              0.3 %
13 Jun 96    4.7e+05  1.7e+04  4.0e+03     1.4e+09   2.4e+05              0.4 %
14 Jun 96    4.4e+05  1.8e+04  4.2e+03     1.1e+09   2.3e+05              0.5 %
15 Jun 96    6.3e+05  1.7e+04  4.2e+03     8.3e+08   2.3e+05              0.2 %
16 Jun 96    4.7e+05  1.8e+04  4.0e+03     2.5e+08   7.8e+04              0.2 %
17 Jun 96    6.0e+05  1.7e+04  4.2e+03     4.6e+09   1.7e+05              0.2 %
18 Jun 96    4.1e+05  1.8e+04  4.2e+03     1.1e+10   3.6e+05              0.0 %
19 Jun 96    2.7e+05  1.7e+04  4.1e+03     1.3e+09   1.4e+05             -0.4 %
20 Jun 96    1.5e+05  1.7e+04  4.1e+03     3.1e+09   1.9e+05             -0.2 %
21 Jun 96    1.9e+05  1.8e+04  4.4e+03     7.1e+09   3.2e+05             -0.1 %
22 Jun 96    2.3e+05  1.7e+04  4.2e+03     9.5e+09   4.4e+05              0.1 %
23 Jun 96    2.5e+05  1.7e+04  4.2e+03     8.0e+09   3.9e+05              0.1 %
24 Jun 96    2.5e+05  1.7e+04  4.2e+03     2.3e+09   1.7e+05              0.1 %
25 Jun 96    2.6e+05  1.8e+04  4.3e+03     1.8e+09   1.8e+05              0.3 %
26 Jun 96    2.5e+05  1.8e+04  4.3e+03     1.3e+09   1.2e+05              0.2 %
27 Jun 96    3.1e+05  1.7e+04  4.2e+03     1.1e+09   1.4e+05              0.6 %
28 Jun 96    3.7e+05  1.7e+04  4.1e+03     3.6e+09   2.7e+05             -0.4 %
29 Jun 96    3.1e+05  1.7e+04  4.0e+03     1.3e+09   1.4e+05             -0.9 %
30 Jun 96    3.0e+05  1.6e+04  4.0e+03     2.2e+09   1.4e+05             -0.4 %
01 Jul 96    4.0e+05  1.7e+04  3.9e+03     3.8e+09   2.3e+05              0.1 %
02 Jul 96    1.9e+05  1.7e+04  3.9e+03     6.4e+08   9.1e+04             -0.3 %
03 Jul 96    3.0e+05  1.6e+04  3.9e+03     1.5e+10   5.1e+05             -0.5 %
04 Jul 96    3.3e+05  1.7e+04  4.1e+03     2.4e+10   1.9e+06             -0.5 %
05 Jul 96    6.6e+05  1.8e+04  4.1e+03     2.9e+10   1.4e+07              0.2 %
06 Jul 96    5.5e+05  1.8e+04  4.3e+03     3.6e+10   2.5e+07              0.7 %
07 Jul 96    1.2e+06  1.8e+04  4.3e+03     2.7e+10   1.5e+07              0.4 %
08 Jul 96    8.6e+05  1.8e+04  4.1e+03     1.5e+10   6.9e+06              0.0 %
09 Jul 96    3.7e+05  1.8e+04  4.1e+03     1.5e+10   5.5e+06              0.0 %
10 Jul 96    4.4e+05  1.8e+04  4.4e+03     1.6e+10   7.4e+06              0.0 %
11 Jul 96    8.1e+05  1.8e+04  4.3e+03     1.4e+10   7.7e+06              0.2 %
12 Jul 96    4.7e+05  1.8e+04  4.3e+03     3.3e+09   9.6e+05              0.3 %
13 Jul 96    2.9e+05  1.8e+04  3.9e+03     2.5e+09   1.5e+05             -0.2 %
14 Jul 96    3.5e+05  1.8e+04  4.1e+03     4.8e+09   3.2e+05             -0.3 %
15 Jul 96    3.4e+05  1.7e+04  4.2e+03     1.9e+09   1.5e+05             -0.3 %
16 Jul 96    3.1e+05  1.7e+04  4.3e+03     2.1e+09   1.4e+05             -0.4 %
17 Jul 96    5.1e+05  1.7e+04  4.1e+03     6.1e+09   2.3e+05                *
18 Jul 96    4.9e+05  1.7e+04  4.1e+03     1.2e+10   5.2e+05              0.3 %
19 Jul 96    4.8e+05  1.8e+04  4.2e+03     1.3e+10   8.5e+05              0.7 %
20 Jul 96    5.1e+05  1.8e+04  4.5e+03     8.3e+09   4.7e+05              0.5 %
21 Jul 96    4.2e+05  1.8e+04  4.3e+03     1.1e+10   8.5e+05              0.2 %
22 Jul 96    6.8e+05  1.8e+04  4.6e+03     1.5e+10   1.8e+06              0.3 %
23 Jul 96    5.2e+05  1.8e+04  4.6e+03     1.6e+10   1.9e+06              0.5 %
24 Jul 96    9.6e+05  1.8e+04  4.7e+03     1.8e+10   4.5e+06              0.2 %
25 Jul 96    7.2e+05  1.8e+04  4.3e+03     9.7e+09   1.7e+06             -0.2 %
26 Jul 96    5.4e+05  1.8e+04  4.3e+03     8.0e+09   7.0e+05             -0.4 %
27 Jul 96    5.0e+05  1.8e+04  4.2e+03     6.5e+09   6.9e+05              0.0 %
28 Jul 96    7.4e+05  1.8e+04  4.2e+03     4.7e+09   7.0e+05              0.2 %
29 Jul 96    2.0e+05  1.7e+04  4.2e+03     1.5e+09   1.2e+05             -0.6 %
30 Jul 96    2.5e+05  1.8e+04  4.1e+03     2.9e+09   1.8e+05             -0.4 %
31 Jul 96    8.7e+05  1.7e+04  3.9e+03     8.1e+09   2.5e+05             -0.5 %
01 Aug 96    6.9e+05  1.7e+04  4.1e+03     4.3e+10   5.6e+07            -17.2 %
02 Aug 96    3.5e+05  1.8e+04  4.4e+03     2.5e+10   4.2e+07              0.2 %
03 Aug 96    4.2e+05  1.7e+04  4.3e+03     2.9e+10   7.8e+07              0.4 %
04 Aug 96    2.8e+05  1.8e+04  4.4e+03     2.9e+10   9.1e+07              0.6 %
05 Aug 96    2.9e+05  1.8e+04  4.4e+03     2.4e+10   5.1e+07              0.6 %
06 Aug 96    4.5e+05  1.8e+04  4.5e+03     1.8e+10   3.9e+07              0.3 %
07 Aug 96    3.5e+05  1.9e+04  4.7e+03     1.2e+10   1.8e+07              1.1 %
08 Aug 96    4.8e+05  1.8e+04  4.2e+03     1.1e+10   1.2e+07              0.4 %
09 Aug 96    5.1e+05  1.6e+04  3.9e+03     9.1e+09   6.3e+06             -0.9 %
10 Aug 96    5.4e+05  1.7e+04  4.0e+03     4.3e+09   2.0e+06             -1.1 %
11 Aug 96    4.9e+05  1.7e+04  4.1e+03     3.1e+09   2.2e+06             -0.9 %
12 Aug 96    5.2e+05  1.7e+04  4.0e+03     3.1e+09   2.4e+06             -0.9 %
13 Aug 96    3.8e+05  1.7e+04  3.8e+03     2.2e+09   7.7e+05             -0.6 %
14 Aug 96    1.1e+06  1.9e+04  3.9e+03     4.0e+09   9.3e+05             -0.2 %
15 Aug 96    6.4e+05  1.7e+04  4.1e+03     2.3e+10   4.4e+06             -0.3 %
16 Aug 96    1.3e+06  1.8e+04  4.1e+03     2.0e+10   4.2e+06              0.2 %
17 Aug 96    6.7e+05  1.8e+04  4.2e+03     3.0e+10   3.0e+07              0.2 %
18 Aug 96    6.9e+05  1.7e+04  4.0e+03     4.1e+10   4.8e+07              0.2 %
19 Aug 96    6.7e+05  1.8e+04  4.1e+03     2.7e+10   3.2e+07              0.3 %
20 Aug 96    7.7e+05  1.8e+04  4.2e+03     2.1e+10   2.9e+07              0.0 %
21 Aug 96    7.4e+05  1.9e+04  4.5e+03     1.8e+10   2.6e+07              0.2 %
22 Aug 96    9.3e+05  1.9e+04  4.4e+03     1.6e+10   2.1e+07              0.2 %
23 Aug 96    6.7e+05  1.9e+04  4.3e+03     2.2e+09   1.4e+06              0.0 %
24 Aug 96    2.9e+05  1.7e+04  4.2e+03     1.9e+10   1.5e+06              0.3 %
25 Aug 96    6.4e+05  1.8e+04  4.3e+03     1.8e+10   5.9e+06             -0.2 %
26 Aug 96    5.9e+05  1.7e+04  4.0e+03     4.2e+10   2.0e+08             -0.3 %
27 Aug 96    5.3e+05  1.7e+04  4.0e+03     2.6e+10   1.3e+08             -0.5 %
28 Aug 96    7.0e+05  1.7e+04  3.9e+03     2.8e+10   1.9e+08             -0.1 %
29 Aug 96    1.2e+06  1.7e+04  3.9e+03     2.1e+10   5.6e+07             -0.4 %
30 Aug 96    1.3e+06  1.6e+04  4.0e+03     5.3e+10   4.1e+08              0.0 %
31 Aug 96    7.3e+05  1.7e+04  4.1e+03     3.7e+10   4.4e+08              0.7 %
01 Sep 96    4.2e+05  1.7e+04  4.4e+03     4.0e+10   7.0e+08              1.0 %
02 Sep 96    4.9e+05  1.8e+04  4.7e+03     4.2e+10   9.9e+08              1.4 %
03 Sep 96    5.3e+05  1.9e+04  4.9e+03     3.6e+10   8.3e+08              0.9 %
04 Sep 96    7.4e+05  1.9e+04  4.8e+03     3.0e+10   4.9e+08              0.5 %
05 Sep 96    5.2e+05  1.8e+04  4.3e+03     4.4e+09   1.3e+07              0.1 %
06 Sep 96    4.4e+05  1.7e+04  4.1e+03     5.3e+09   1.7e+07             -0.6 %
07 Sep 96    5.3e+05  1.8e+04  3.9e+03     8.6e+09   2.3e+07             -0.7 %
08 Sep 96    3.3e+05  1.6e+04  3.7e+03     8.2e+09   2.0e+07             -1.2 %
09 Sep 96    9.4e+05  1.7e+04  3.8e+03     5.3e+09   1.3e+07             -1.3 %
10 Sep 96    2.6e+06  1.6e+04  3.5e+03     3.0e+10   3.6e+07             -1.3 %
11 Sep 96    1.0e+06  1.5e+04  3.5e+03     2.6e+10   8.5e+07             -1.3 %
12 Sep 96    4.1e+06  1.6e+04  3.6e+03     2.9e+10   3.8e+08             -0.7 %
13 Sep 96    2.0e+06  1.5e+04  3.7e+03     5.5e+10   1.8e+09             -0.7 %
14 Sep 96    2.1e+06  1.7e+04  4.0e+03     4.6e+10   1.7e+09             -0.3 %
15 Sep 96    2.3e+06  1.7e+04  4.2e+03     3.8e+10   9.8e+08              0.4 %
16 Sep 96    3.6e+06  1.8e+04  4.2e+03     3.4e+10   4.4e+08              0.7 %
17 Sep 96    1.6e+06  1.7e+04  4.2e+03     3.9e+10   5.4e+08              0.8 %
18 Sep 96    1.3e+06  1.8e+04  4.2e+03     2.5e+10   1.2e+08              0.7 %
19 Sep 96    3.3e+06  1.8e+04  4.4e+03     3.0e+10   9.7e+07              0.4 %
20 Sep 96    4.7e+06  1.8e+04  4.2e+03     2.6e+10   1.3e+08             -0.1 %
21 Sep 96    3.8e+06  1.8e+04  4.3e+03     3.8e+10   6.6e+08              0.1 %
22 Sep 96    1.5e+07  1.8e+04  4.4e+03     4.0e+10   1.1e+09              0.1 %
23 Sep 96    1.2e+07  1.9e+04  4.7e+03     3.7e+10   1.2e+09              0.3 %
24 Sep 96    1.3e+06  1.9e+04  4.6e+03     4.0e+10   9.3e+08              0.4 %
25 Sep 96    2.4e+06  1.9e+04  4.8e+03     3.4e+10   7.1e+08              0.0 %
26 Sep 96   -1.0e+05 -1.0e+05 -1.0e+05    -1.0e+05  -1.0e+05                *
27 Sep 96    2.0e+06  1.8e+04  4.4e+03     3.9e+10   2.2e+08              0.1 %
28 Sep 96    2.3e+06  1.8e+04  4.6e+03     4.0e+10   3.4e+08              0.2 %
29 Sep 96    9.1e+05  2.1e+04  5.0e+03     2.4e+10   2.0e+08              0.4 %
30 Sep 96    1.0e+06  1.9e+04  4.8e+03     2.5e+10   2.3e+08              0.7 %
01 Oct 96    1.5e+06  1.9e+04  5.0e+03     3.6e+10   2.0e+08              0.8 %
02 Oct 96    1.5e+06  2.1e+04  4.9e+03     3.6e+10   1.4e+07              0.4 %
03 Oct 96    1.8e+06  1.7e+04  3.9e+03     3.6e+10   2.1e+07             -0.8 %
04 Oct 96    2.4e+06  1.7e+04  4.0e+03     3.6e+10   2.9e+07             -0.6 %
05 Oct 96    1.6e+06  1.7e+04  3.5e+03     3.6e+10   2.7e+07             -0.8 %
06 Oct 96    1.6e+06  1.7e+04  3.7e+03     3.6e+10   2.9e+07             -0.6 %
07 Oct 96    2.1e+06  1.8e+04  3.7e+03     3.6e+10   2.6e+07             -1.0 %
08 Oct 96    1.3e+06  1.6e+04  3.7e+03     3.6e+10   6.5e+06             -1.1 %
09 Oct 96    1.2e+06  1.6e+04  3.4e+03     3.6e+10   4.6e+06             -1.3 %
10 Oct 96    4.6e+05  1.7e+04  3.4e+03     3.6e+10   2.4e+07             -0.4 %
11 Oct 96    1.6e+06  1.6e+04  3.4e+03     3.6e+10   3.2e+07             -0.1 %
12 Oct 96    2.8e+06  1.7e+04  3.7e+03     3.6e+10   7.4e+07              0.0 %
13 Oct 96    7.8e+05  1.7e+04  3.9e+03     3.6e+10   7.8e+06             -0.2 %
14 Oct 96    2.7e+06  1.7e+04  3.9e+03     3.6e+10   2.3e+07             -0.3 %
15 Oct 96    2.7e+06  1.7e+04  4.0e+03     3.6e+10   8.6e+07              0.2 %
16 Oct 96    1.9e+06  1.7e+04  4.1e+03     3.6e+10   5.8e+07              0.5 %
17 Oct 96    2.7e+06  1.8e+04  4.4e+03     3.6e+10   5.4e+07              0.5 %
18 Oct 96    8.3e+05  1.8e+04  4.2e+03     3.6e+10   2.7e+07              0.5 %
19 Oct 96    1.8e+07  1.9e+04  4.4e+03     3.6e+10   2.3e+08              0.5 %
20 Oct 96    2.1e+06  1.8e+04  4.4e+03     3.6e+10   1.1e+09             -0.1 %
21 Oct 96    1.5e+06  1.8e+04  4.5e+03     3.6e+10   2.1e+09              0.3 %
22 Oct 96    4.3e+06  1.7e+04  4.1e+03     3.6e+10   5.0e+08             -0.6 %
23 Oct 96    4.5e+06  1.6e+04  3.6e+03     3.6e+10   2.0e+07             -0.4 %
24 Oct 96    1.1e+06  1.8e+04  4.0e+03     3.6e+10   8.1e+07              0.0 %
25 Oct 96    6.5e+05  1.9e+04  4.1e+03     3.6e+10   1.4e+08              0.4 %
26 Oct 96    6.9e+05  1.8e+04  4.3e+03     3.6e+10   2.8e+08              0.7 %
27 Oct 96    1.6e+06  1.9e+04  4.5e+03     3.6e+10   3.2e+08                *
28 Oct 96    1.0e+06  1.9e+04  4.5e+03     3.6e+10   3.7e+07                *
29 Oct 96    8.0e+05  1.8e+04  3.9e+03     3.6e+10   5.8e+07                *
30 Oct 96    3.4e+06  1.7e+04  3.7e+03     3.6e+10   1.0e+08                *
31 Oct 96    1.2e+06  1.7e+04  4.0e+03     3.6e+10   1.7e+08                *
01 Nov 96    8.5e+05  1.8e+04  4.1e+03     3.6e+10   1.2e+08                *
02 Nov 96    7.1e+05  1.7e+04  3.8e+03     3.6e+10   1.5e+08                *
03 Nov 96    1.2e+06  1.7e+04  3.7e+03     3.6e+10   1.6e+08                *
04 Nov 96    1.2e+06  1.7e+04  3.5e+03     3.6e+10   1.8e+07                *
05 Nov 96    8.4e+05  1.6e+04  3.5e+03     3.6e+10   1.0e+07                *
06 Nov 96    7.9e+05  1.7e+04  3.8e+03     3.6e+10   9.3e+06                *
07 Nov 96    1.8e+06  1.7e+04  3.7e+03     3.6e+10   1.7e+07                *
08 Nov 96    1.4e+06  1.7e+04  3.8e+03     3.6e+10   1.2e+07                *
09 Nov 96    1.0e+06  1.7e+04  3.8e+03     3.6e+10   6.9e+06                *
10 Nov 96    7.1e+05  1.7e+04  3.8e+03     3.6e+10   1.8e+06                *
11 Nov 96    8.6e+05  1.8e+04  3.9e+03     3.6e+10   2.5e+06                *
12 Nov 96    5.2e+05  1.7e+04  4.0e+03     3.6e+10   1.1e+06                *
13 Nov 96    1.4e+06  1.7e+04  4.0e+03     3.6e+10   1.2e+06                *
14 Nov 96    1.0e+06  1.6e+04  4.0e+03     3.6e+10   9.5e+05                *
15 Nov 96    3.9e+06  1.7e+04  4.2e+03     3.6e+10   2.7e+07                *
16 Nov 96    1.1e+06  1.7e+04  4.3e+03     4.5e+10   5.8e+07                *
17 Nov 96    1.1e+06  1.8e+04  4.4e+03     3.0e+10   3.7e+07                *
18 Nov 96    1.8e+06  1.8e+04  4.5e+03     3.1e+10   1.0e+08                *
19 Nov 96    7.0e+05  1.7e+04  4.6e+03     5.4e+10   3.3e+08                *
20 Nov 96    8.4e+05  1.7e+04  4.6e+03     3.2e+10   1.5e+08                *
21 Nov 96    9.2e+05  1.8e+04  4.6e+03     2.0e+10   2.7e+07                *
22 Nov 96    7.6e+05  1.8e+04  4.6e+03     1.8e+10   2.6e+07                *
23 Nov 96    1.0e+06  1.8e+04  4.7e+03     1.7e+10   3.5e+07                *
24 Nov 96    1.3e+06  2.0e+04  5.1e+03     7.6e+09   8.0e+06                *
25 Nov 96    8.0e+05  1.9e+04  4.6e+03     6.0e+09   5.1e+05              0.9 %
26 Nov 96    5.8e+05  1.8e+04  4.2e+03     3.8e+09   2.9e+05              0.8 %
27 Nov 96    7.7e+05  1.8e+04  4.2e+03     1.3e+10   9.0e+05              0.1 %
28 Nov 96    5.6e+05  1.9e+04  4.1e+03     2.1e+10   2.9e+06              0.1 %
29 Nov 96    1.2e+06  2.3e+04  4.1e+03     1.5e+10   2.8e+06             -0.1 %
30 Nov 96    1.4e+06  2.8e+04  4.0e+03     1.0e+10   1.6e+06             -0.6 %
01 Dec 96    1.2e+06  1.8e+04  3.9e+03     8.1e+09   1.3e+06             -0.4 %
02 Dec 96    1.3e+06  1.7e+04  3.7e+03     5.2e+09   8.9e+05             -0.3 %
03 Dec 96    6.8e+05  1.5e+04  3.6e+03     9.8e+08   1.1e+05             -0.6 %
04 Dec 96    1.3e+06  1.6e+04  3.7e+03     3.6e+09   1.7e+05             -0.5 %
05 Dec 96    9.3e+05  1.6e+04  3.6e+03     1.2e+10   3.2e+05             -0.1 %
06 Dec 96    1.6e+06  1.6e+04  3.9e+03     1.2e+10   4.1e+05              0.3 %
07 Dec 96    1.6e+06  1.6e+04  3.8e+03     9.8e+09   3.5e+05             -0.3 %
08 Dec 96    1.0e+06  1.6e+04  3.7e+03     4.4e+09   2.2e+05             -0.4 %
09 Dec 96    1.0e+06  1.6e+04  3.7e+03     2.6e+09   2.0e+05              0.3 %
10 Dec 96    1.4e+06  1.6e+04  3.9e+03     1.5e+10   9.8e+05             -0.1 %
11 Dec 96    3.3e+06  1.7e+04  3.9e+03     3.1e+10   1.2e+07             -0.2 %
12 Dec 96    2.1e+06  1.7e+04  4.2e+03     4.4e+10   4.8e+07              0.4 %
13 Dec 96    1.1e+06  1.7e+04  4.2e+03     4.2e+10   5.8e+07              0.1 %
14 Dec 96    1.3e+06  1.7e+04  4.6e+03     3.5e+10   5.2e+07              0.0 %
15 Dec 96    1.4e+06  1.8e+04  4.4e+03     1.9e+10   2.7e+07              0.3 %
16 Dec 96    1.1e+06  1.7e+04  4.6e+03     2.3e+10   1.9e+07              0.5 %
17 Dec 96    7.1e+05  1.8e+04  4.8e+03     2.5e+10   2.5e+07              0.6 %
18 Dec 96    5.3e+05  1.9e+04  4.6e+03     2.2e+10   2.5e+07              0.2 %
19 Dec 96    6.0e+05  1.8e+04  4.7e+03     2.4e+10   3.3e+07              0.8 %
20 Dec 96    1.1e+06  1.9e+04  5.2e+03     2.1e+10   3.6e+07              0.4 %
21 Dec 96    9.0e+05  1.9e+04  5.0e+03     1.0e+10   1.2e+07              0.5 %
22 Dec 96    5.7e+05  1.8e+04  4.7e+03     6.9e+09   3.5e+06              0.0 %
23 Dec 96    3.5e+05  1.8e+04  4.8e+03     1.2e+10   5.1e+06             -0.1 %
24 Dec 96    5.4e+05  1.9e+04  4.4e+03     1.0e+10   2.8e+06             -0.7 %
25 Dec 96    4.6e+05  1.9e+04  4.4e+03     3.8e+09   9.6e+05             -0.2 %
26 Dec 96    3.4e+05  1.8e+04  4.5e+03     2.2e+09   2.2e+05             -0.1 %
27 Dec 96    4.9e+05  1.7e+04  3.9e+03     3.0e+09   3.4e+05                *
28 Dec 96    6.1e+05  1.7e+04  4.1e+03     1.8e+09   3.1e+05             -0.1 %
29 Dec 96    8.4e+05  1.7e+04  4.3e+03     1.5e+09   2.6e+05             -0.7 %
30 Dec 96    3.8e+05  1.7e+04  4.0e+03     6.9e+08   9.1e+04             -0.5 %
31 Dec 96    2.6e+05  1.7e+04  4.0e+03     9.8e+08   1.1e+05             -0.9 %

